[idx] cache hit: 353461 rows
[legs] {'n_days_total': 361, 'n_days_mkt_neg': 184, 'n_days_any_trigger': 184, 'trig_median': 109.5, 'trig_p90': 193.70000000000002, 'n_candidates': 22225}

===== amount_dist =====
 N span  days  legs   amt0930_med  amt0930_p10  auction_est_med  a0930_of_day  leg_cap_M2_p10  leg_cap_M1_p10  day_cap_M2_p10    Cmax_M2_p10    Cmax_M1_p10
 4 FULL   184   736 37,195,987.00 4,005,389.40    15,892,744.47          0.03    3,719,598.70    1,589,274.45   22,621,971.80  59,513,579.20  25,428,391.15
 4 POST    82   328 40,387,276.00 3,212,370.20    18,372,649.81          0.02    4,038,727.60    1,837,264.98   24,803,694.75  64,619,641.60  29,396,239.70
 8 FULL   184  1472 32,191,362.00 5,495,848.30    16,701,112.44          0.02    3,219,136.20    1,670,111.24   42,997,642.95 103,012,358.40  53,443,559.81
 8 POST    82   656 38,287,927.00 5,912,606.50    20,609,667.16          0.02    3,828,792.70    2,060,966.72   50,359,231.62 122,521,366.40  65,950,934.90
16 FULL   184  2944 26,668,241.00 4,763,102.20    16,227,115.54          0.02    2,666,824.10    1,622,711.55   79,217,097.15 170,676,742.40 103,853,539.46
16 POST    82  1312 32,164,770.00 5,208,084.00    20,834,620.14          0.02    3,216,477.00    2,083,462.01   93,486,428.05 205,854,528.00 133,341,568.92

===== capacity_grid (FULL, M2_bar30) =====
 N  p_cap       capital  leg_budget  budget_ok  drop_cap_pct  drop_pct  degrade_pct  gross_bp  impact_bp  net_bp  net_t  retain_pct
 4   0.05  1,000,000.00   62,500.00       True          3.12      3.12         0.27    136.03       6.86  119.04   8.24       89.32
 4   0.05  5,000,000.00  312,500.00       True          3.12      3.12        10.73    136.03      14.17  111.72   7.76       82.11
 4   0.05 10,000,000.00  625,000.00       True          3.12      3.12        21.60    136.03      18.34  107.55   7.49       77.39
 4   0.10  1,000,000.00   62,500.00       True          1.77      1.77         0.14    136.03       7.15  118.82   8.28       90.40
 4   0.10  5,000,000.00  312,500.00       True          1.77      1.77         6.52    136.03      15.22  110.75   7.75       83.74
 4   0.10 10,000,000.00  625,000.00       True          1.77      1.77        12.09    136.03      20.24  105.73   7.41       78.20
 4   0.20  1,000,000.00   62,500.00       True          0.95      0.95         0.00    136.03       7.50  118.60   8.25       90.98
 4   0.20  5,000,000.00  312,500.00       True          0.95      0.95         3.53    136.03      16.08  110.02   7.68       83.56
 4   0.20 10,000,000.00  625,000.00       True          0.95      0.95         7.34    136.03      21.79  104.31   7.30       79.24
 8   0.05  1,000,000.00   31,250.00      False          1.83    100.00         0.00    105.61        NaN     NaN    NaN        0.00
 8   0.05  5,000,000.00  156,250.00       True          1.83      1.83         4.01    105.61      10.59   86.13   8.79       85.75
 8   0.05 10,000,000.00  312,500.00       True          1.83      1.83         9.65    105.61      14.36   82.35   8.41       80.46
 8   0.10  1,000,000.00   31,250.00      False          0.95    100.00         0.00    105.61        NaN     NaN    NaN        0.00
 8   0.10  5,000,000.00  156,250.00       True          0.95      0.95         1.56    105.61      10.95   86.00   8.81       85.96
 8   0.10 10,000,000.00  312,500.00       True          0.95      0.95         4.89    105.61      15.13   81.82   8.40       81.70
 8   0.20  1,000,000.00   31,250.00      False          0.48    100.00         0.00    105.61        NaN     NaN    NaN        0.00
 8   0.20  5,000,000.00  156,250.00       True          0.48      0.48         0.75    105.61      11.23   85.83   8.79       86.30
 8   0.20 10,000,000.00  312,500.00       True          0.48      0.48         2.04    105.61      15.64   81.42   8.35       81.51
16   0.05  1,000,000.00   15,625.00      False          1.83    100.00         0.00     88.24        NaN     NaN    NaN        0.00
16   0.05  5,000,000.00   78,125.00       True          1.83      1.83         0.58     88.24       7.70   72.50  10.97       87.53
16   0.05 10,000,000.00  156,250.00       True          1.83      1.83         4.38     88.24      10.72   69.48  10.53       83.59
16   0.10  1,000,000.00   15,625.00      False          0.99    100.00         0.00     88.24        NaN     NaN    NaN        0.00
16   0.10  5,000,000.00   78,125.00       True          0.99      0.99         0.31     88.24       7.87   72.07  10.97       87.76
16   0.10 10,000,000.00  156,250.00       True          0.99      0.99         1.43     88.24      11.05   68.90  10.50       83.76
16   0.20  1,000,000.00   15,625.00      False          0.54    100.00         0.00     88.24        NaN     NaN    NaN        0.00
16   0.20  5,000,000.00   78,125.00       True          0.54      0.54         0.17     88.24       8.04   72.38  11.02       88.42
16   0.20 10,000,000.00  156,250.00       True          0.54      0.54         0.75     88.24      11.29   69.13  10.54       84.11

===== capacity_grid (FULL, M1_auction) =====
 N  p_cap       capital  leg_budget  budget_ok  drop_cap_pct  drop_pct  degrade_pct  gross_bp  impact_bp  net_bp  net_t  retain_pct
 4   0.05  1,000,000.00   62,500.00       True          3.80      3.80         0.14    136.03       8.66  121.58   8.26       90.58
 4   0.05  5,000,000.00  312,500.00       True          3.80      3.80        17.66    136.03      17.70  112.54   7.68       78.61
 4   0.05 10,000,000.00  625,000.00       True          3.80      3.80        39.13    136.03      22.29  107.95   7.40       71.37
 4   0.10  1,000,000.00   62,500.00       True          1.22      1.22         0.14    136.03       9.09  121.58   8.31       93.00
 4   0.10  5,000,000.00  312,500.00       True          1.22      1.22        11.41    136.03      19.06  111.61   7.68       81.71
 4   0.10 10,000,000.00  625,000.00       True          1.22      1.22        20.24    136.03      25.15  105.52   7.28       73.97
 4   0.20  1,000,000.00   62,500.00       True          0.54      0.54         0.00    136.03       9.08  120.25   8.27       92.63
 4   0.20  5,000,000.00  312,500.00       True          0.54      0.54         5.16    136.03      19.84  109.49   7.59       83.47
 4   0.20 10,000,000.00  625,000.00       True          0.54      0.54        12.09    136.03      26.84  102.49   7.13       76.01
 8   0.05  1,000,000.00   31,250.00      False          2.45    100.00         0.00    105.61        NaN     NaN    NaN        0.00
 8   0.05  5,000,000.00  156,250.00       True          2.45      2.45         7.54    105.61      12.93   86.48   8.71       83.32
 8   0.05 10,000,000.00  312,500.00       True          2.45      2.45        17.26    105.61      17.32   82.09   8.29       76.28
 8   0.10  1,000,000.00   31,250.00      False          1.02    100.00         0.00    105.61        NaN     NaN    NaN        0.00
 8   0.10  5,000,000.00  156,250.00       True          1.02      1.02         2.72    105.61      13.43   86.48   8.75       85.85
 8   0.10 10,000,000.00  312,500.00       True          1.02      1.02         8.97    105.61      18.42   81.49   8.27       78.60
 8   0.20  1,000,000.00   31,250.00      False          0.54    100.00         0.00    105.61        NaN     NaN    NaN        0.00
 8   0.20  5,000,000.00  156,250.00       True          0.54      0.54         0.82    105.61      13.58   85.44   8.69       86.19
 8   0.20 10,000,000.00  312,500.00       True          0.54      0.54         3.19    105.61      18.97   80.05   8.16       80.19
16   0.05  1,000,000.00   15,625.00      False          2.00    100.00         0.00     88.24        NaN     NaN    NaN        0.00
16   0.05  5,000,000.00   78,125.00       True          2.00      2.00         0.95     88.24       9.02   72.59  10.91       87.40
16   0.05 10,000,000.00  156,250.00       True          2.00      2.00         7.20     88.24      12.50   69.11  10.41       81.84
16   0.10  1,000,000.00   15,625.00      False          0.88    100.00         0.00     88.24        NaN     NaN    NaN        0.00
16   0.10  5,000,000.00   78,125.00       True          0.88      0.88         0.27     88.24       9.19   72.97  11.03       88.90
16   0.10 10,000,000.00  156,250.00       True          0.88      0.88         2.07     88.24      12.89   69.27  10.49       83.74
16   0.20  1,000,000.00   15,625.00      False          0.41    100.00         0.00     88.24        NaN     NaN    NaN        0.00
16   0.20  5,000,000.00   78,125.00       True          0.41      0.41         0.14     88.24       9.21   72.35  10.98       88.59
16   0.20 10,000,000.00  156,250.00       True          0.41      0.41         0.75     88.24      13.01   68.55  10.42       84.01

===== capacity_grid (POST, M2_bar30) =====
 N  p_cap       capital  leg_budget  budget_ok  drop_cap_pct  drop_pct  degrade_pct  gross_bp  impact_bp  net_bp  net_t  retain_pct
 4   0.05  1,000,000.00   62,500.00       True          3.35      3.35         0.00    144.58       6.93  117.89   5.71       82.76
 4   0.05  5,000,000.00  312,500.00       True          3.35      3.35        11.59    144.58      14.13  110.69   5.37       75.92
 4   0.05 10,000,000.00  625,000.00       True          3.35      3.35        21.65    144.58      18.20  106.62   5.19       71.83
 4   0.10  1,000,000.00   62,500.00       True          1.83      1.83         0.00    144.58       7.42  117.93   5.70       84.09
 4   0.10  5,000,000.00  312,500.00       True          1.83      1.83         7.62    144.58      15.50  109.84   5.32       77.64
 4   0.10 10,000,000.00  625,000.00       True          1.83      1.83        13.11    144.58      20.40  104.95   5.09       72.35
 4   0.20  1,000,000.00   62,500.00       True          1.22      1.22         0.00    144.58       8.05  120.40   5.74       86.39
 4   0.20  5,000,000.00  312,500.00       True          1.22      1.22         3.96    144.58      16.86  111.59   5.33       77.68
 4   0.20 10,000,000.00  625,000.00       True          1.22      1.22         8.23    144.58      22.49  105.96   5.07       73.64
 8   0.05  1,000,000.00   31,250.00      False          1.68    100.00         0.00    120.63        NaN     NaN    NaN        0.00
 8   0.05  5,000,000.00  156,250.00       True          1.68      1.68         4.12    120.63      10.39   96.61   6.53       83.55
 8   0.05 10,000,000.00  312,500.00       True          1.68      1.68         9.15    120.63      14.08   92.92   6.29       78.45
 8   0.10  1,000,000.00   31,250.00      False          0.91    100.00         0.00    120.63        NaN     NaN    NaN        0.00
 8   0.10  5,000,000.00  156,250.00       True          0.91      0.91         1.68    120.63      10.86   96.54   6.53       83.70
 8   0.10 10,000,000.00  312,500.00       True          0.91      0.91         4.88    120.63      14.94   92.46   6.26       80.09
 8   0.20  1,000,000.00   31,250.00      False          0.61    100.00         0.00    120.63        NaN     NaN    NaN        0.00
 8   0.20  5,000,000.00  156,250.00       True          0.61      0.61         0.30    120.63      11.29   97.71   6.56       84.59
 8   0.20 10,000,000.00  312,500.00       True          0.61      0.61         1.98    120.63      15.66   93.34   6.28       80.13
16   0.05  1,000,000.00   15,625.00      False          1.83    100.00         0.00    100.58        NaN     NaN    NaN        0.00
16   0.05  5,000,000.00   78,125.00       True          1.83      1.83         0.53    100.58       7.47   82.20   8.09       86.18
16   0.05 10,000,000.00  156,250.00       True          1.83      1.83         3.73    100.58      10.41   79.26   7.81       83.24
16   0.10  1,000,000.00   15,625.00      False          0.99    100.00         0.00    100.58        NaN     NaN    NaN        0.00
16   0.10  5,000,000.00   78,125.00       True          0.99      0.99         0.08    100.58       7.71   81.52   8.05       86.17
16   0.10 10,000,000.00  156,250.00       True          0.99      0.99         1.37    100.58      10.80   78.43   7.75       82.84
16   0.20  1,000,000.00   15,625.00      False          0.61    100.00         0.00    100.58        NaN     NaN    NaN        0.00
16   0.20  5,000,000.00   78,125.00       True          0.61      0.61         0.30    100.58       8.00   82.92   8.16       87.82
16   0.20 10,000,000.00  156,250.00       True          0.61      0.61         0.46    100.58      11.18   79.73   7.86       83.63

===== capacity_grid (POST, M1_auction) =====
 N  p_cap       capital  leg_budget  budget_ok  drop_cap_pct  drop_pct  degrade_pct  gross_bp  impact_bp  net_bp  net_t  retain_pct
 4   0.05  1,000,000.00   62,500.00       True          3.05      3.05         0.30    144.58       8.55  121.31   5.68       85.41
 4   0.05  5,000,000.00  312,500.00       True          3.05      3.05        16.46    144.58      17.42  112.44   5.28       77.39
 4   0.05 10,000,000.00  625,000.00       True          3.05      3.05        37.50    144.58      21.78  108.08   5.09       72.02
 4   0.10  1,000,000.00   62,500.00       True          0.30      0.30         0.30    144.58       9.48  128.63   5.95       93.13
 4   0.10  5,000,000.00  312,500.00       True          0.30      0.30        10.98    144.58      19.28  118.84   5.52       79.33
 4   0.10 10,000,000.00  625,000.00       True          0.30      0.30        19.21    144.58      25.32  112.80   5.25       73.84
 4   0.20  1,000,000.00   62,500.00       True          0.30      0.30         0.00    144.58       9.48  128.63   5.95       93.15
 4   0.20  5,000,000.00  312,500.00       True          0.30      0.30         5.18    144.58      20.43  117.68   5.49       81.77
 4   0.20 10,000,000.00  625,000.00       True          0.30      0.30        10.98    144.58      27.26  110.85   5.18       74.09
 8   0.05  1,000,000.00   31,250.00      False          1.83    100.00         0.00    120.63        NaN     NaN    NaN        0.00
 8   0.05  5,000,000.00  156,250.00       True          1.83      1.83         6.55    120.63      12.35   97.52   6.47       82.98
 8   0.05 10,000,000.00  312,500.00       True          1.83      1.83        13.87    120.63      16.67   93.20   6.20       78.28
 8   0.10  1,000,000.00   31,250.00      False          0.30    100.00         0.00    120.63        NaN     NaN    NaN        0.00
 8   0.10  5,000,000.00  156,250.00       True          0.30      0.30         2.90    120.63      13.12  100.97   6.67       86.26
 8   0.10 10,000,000.00  312,500.00       True          0.30      0.30         8.08    120.63      17.88   96.21   6.37       79.98
 8   0.20  1,000,000.00   31,250.00      False          0.30    100.00         0.00    120.63        NaN     NaN    NaN        0.00
 8   0.20  5,000,000.00  156,250.00       True          0.30      0.30         0.30    120.63      13.38  100.71   6.67       88.12
 8   0.20 10,000,000.00  312,500.00       True          0.30      0.30         2.90    120.63      18.56   95.53   6.34       81.63
16   0.05  1,000,000.00   15,625.00      False          1.52    100.00         0.00    100.58        NaN     NaN    NaN        0.00
16   0.05  5,000,000.00   78,125.00       True          1.52      1.52         0.99    100.58       8.53   83.14   8.11       87.32
16   0.05 10,000,000.00  156,250.00       True          1.52      1.52         5.34    100.58      11.84   79.83   7.80       83.41
16   0.10  1,000,000.00   15,625.00      False          0.46    100.00         0.00    100.58        NaN     NaN    NaN        0.00
16   0.10  5,000,000.00   78,125.00       True          0.46      0.46         0.15    100.58       8.85   85.38   8.32       90.63
16   0.10 10,000,000.00  156,250.00       True          0.46      0.46         2.06    100.58      12.36   81.87   7.99       85.54
16   0.20  1,000,000.00   15,625.00      False          0.15    100.00         0.00    100.58        NaN     NaN    NaN        0.00
16   0.20  5,000,000.00   78,125.00       True          0.15      0.15         0.00    100.58       8.89   84.93   8.30       90.53
16   0.20 10,000,000.00  156,250.00       True          0.15      0.15         0.46    100.58      12.55   81.28   7.96       86.57

[done] 3s -> E:\superTrader\t_io\cache\capacity_beta
